# All this objects are extracted from 2020ApJ...893...47D.
# RA DEC Name rhl_arcmin dist_kpc M-M m-M_unc method Mv ref rhl_pc [Fe/H]
# metalicities from https://iopscience.iop.org/article/10.1088/0004-6256/144/1/4/pdf and more
143.8868 -36.7673 AntII 76.2 132 20.6 0.05 SeeRef -9.03 2020ApJ...893...47D 2301 -1.4
338.4813 -9.3274 AquII 5.1 108 20.2 1.05 SeeRef -4.4 2020ApJ...893...47D 125 -1.80
210.02 14.5135 BooI 9.97 66 19.1 2.05 SeeRef -6.02 2020ApJ...893...47D 160 -2.55
209.5141 12.8553 BooII 3.17 42 18.1 3.05 SeeRef -2.94 2020ApJ...893...47D 33 -1.79
209.3 26.8 BooIIIa 30 47 18.4 4.05 SeeRef -5.75 2020ApJ...893...47D 289 -2.10
233.689 43.726 BooIV 7.6 209 21.6 5.05 SeeRef -4.53 2020ApJ...893...47D 277 -9.99
202.0091 33.5521 CVeI 7.12 218 21.7 6.05 SeeRef -8.8 2020ApJ...893...47D 338 -1.98
194.2927 34.3226 CVenII 1.52 160 21 7.05 SeeRef -5.17 2020ApJ...893...47D 55 -2.21
100.4065 -50.9593 Car 10.1 105 20.1 8.05 SeeRef -9.43 2020ApJ...893...47D 248 -1.72
114.1066 -57.9991 CarII 8.69 36 17.8 9.05 SeeRef -4.5 2020ApJ...893...47D 77 -1.80
114.6298 -57.8997 CarIII 3.75 28 17.2 10.05 SeeRef -2.4 2020ApJ...893...47D 20 -1.80
189.585 -40.902 CenI 2.9 116 20.3 11.05 SeeRef -5.55 2020ApJ...893...47D 76 -9.99
19.47 -17.42 CetII 1.9 0.4 17.4 12.05 SeeRef 0.00 2020ApJ...893...47D 30 -1.28
31.331 -4.27 CetIII 1.23 251 22 13.05 SeeRef -2.5 2020ApJ...893...47D 44 -9.99
82.86 -28.01 ColI 2.2 183 21.3 14.05 SeeRef -4.2 2020ApJ...893...47D 98 -2.15
186.7454 23.9069 CBe 5.64 44 18.2 15.05 SeeRef -4.38 2020ApJ...893...47D 57 -9.99
177.31 -18.413 CraII 31.2 0.1 20.4 16.05 SeeRef -8.2 2020ApJ...893...47D 117 -9.99
# 36.4267 3.0695 DESJ0225+0304 2.68 24 16.9 17.05 SeeRef -1.1 2020ApJ...893...47D 12 -1.26
260.0684 57.9185 Dra 9.67 76 19.4 18.05 SeeRef -8.71 2020ApJ...893...47D 180 -1.93
238.174 64.579 DraII 3 22 16.7 19.05 SeeRef -0.8 2020ApJ...893...47D 17 -2.1
56.0925 -43.5329 EriII 1.77 380 22.9 20.05 SeeRef -7.21 2020ApJ...893...47D 158 -1.5
39.9583 -34.4997 For 19.6 147 20.8 21.05 SeeRef -13.46 2020ApJ...893...47D 707 -0.99
344.1797 -50.18 GruI 0.81 120 20.4 22.05 SeeRef -3.47 2020ApJ...893...47D 21 -1.90
331.02 -46.44 GruII 6 0.2 18.6 23.05 SeeRef -3.9 2020ApJ...893...47D 53 -2.00
247.7722 12.7852 Her 5.63 132 20.6 24.05 SeeRef -5.83 2020ApJ...893...47D 120 -2.41
43.8813 -54.116 HorI 1.59 79 19.5 25.05 SeeRef -3.55 2020ApJ...893...47D 31 -1.58
49.1077 -50.0486 HorII 2.09 78 19.5 26.05 SeeRef -2.6 2020ApJ...893...47D 33 -2.10
185.4251 -31.986 HydII 1.52 151 20.9 27.05 SeeRef -4.6 2020ApJ...893...47D 58 -2.02
37.389 -79.3089 HydI 7.42 28 17.2 28.05 SeeRef -4.71 2020ApJ...893...47D 53 -0.90
309.72 -46.16 IndII 2.9 214 21.7 29.05 SeeRef -4.3 2020ApJ...893...47D 180 -9.99
# 317.202 -51.1671 Kim2 0.48 100 20 30.05 SeeRef -3.32 2020ApJ...893...47D 12 -1.00
# 174.0668 -10.8772 Laevens1 0.51 145 20.8 31.05 SeeRef -4.8 2020ApJ...893...47D 20 -1.68 https://arxiv.org/abs/1506.01021
152.1146 12.3059 LeoI 3.65 254 22 32.05 SeeRef -11.78 2020ApJ...893...47D 226 -1.43
168.3627 22.1529 LeoII 2.52 233 21.8 33.05 SeeRef -9.74 2020ApJ...893...47D 165 -1.62
173.2405 -0.5453 LeoIV 2.54 154 20.9 34.05 SeeRef -4.99 2020ApJ...893...47D 104 -2.54
172.7857 2.2194 LeoV 1 178 21.3 35.05 SeeRef -4.4 2020ApJ...893...47D 39 -2.00
336.102 5.405 PegIII 0.85 215 21.7 36.05 SeeRef -3.4 2020ApJ...893...47D 42 -9.99
354.996 -54.4115 PhoII 1.49 83 19.6 37.05 SeeRef -3.3 2020ApJ...893...47D 21 -9.99
70.949 -50.2854 PicI 0.88 114 20.3 38.05 SeeRef -3.45 2020ApJ...893...47D 18 -1.68
101.18 -59.897 PicII 3.8 46 18.3 39.05 SeeRef -3.2 2020ApJ...893...47D 47 -9.99
344.6345 5.9526 PisII 1.12 182 21.3 40.05 SeeRef -4.22 2020ApJ...893...47D 48 -2.45
53.9203 -54.0513 RetII 5.52 30 17.4 41.05 SeeRef -3.88 2020ApJ...893...47D 31 -1.80
56.36 -60.45 RetIII 2.4 92 19.8 42.05 SeeRef -3.3 2020ApJ...893...47D 64 -3.3
283.8313 -30.5453 Sag4 342 26 17.1 43.05 SeeRef -13.5 2020ApJ...893...47D 1565 -9.99
298.1647 -22.0651 SagII 1.6 69 19.2 44.05 SeeRef -5.2 2020ApJ...893...47D 32 -9.99
15.0183 -33.7186 Scu 11.17 84 19.6 45.05 SeeRef -10.82 2020ApJ...893...47D 223 -1.68
151.7504 16.0756 Seg1 3.62 23 16.8 46.05 SeeRef -1.3 2020ApJ...893...47D 20 -2.72
34.8226 20.1624 Seg2 3.76 35 17.7 47.05 SeeRef -1.86 2020ApJ...893...47D 34 -2.22
153.2628 -1.6133 Sex 16.5 86 19.7 48.05 SeeRef -8.72 2020ApJ...893...47D 345 -1.93
# 13.1867 -72.8286 SMC 151 62 19 49.05 SeeRef -17.18 2020ApJ...893...47D 2728 -9.99
33.3252 36.1702 TriII 1.99 30 17.4 50.05 SeeRef -1.6 2020ApJ...893...47D 13 -2.50 https://arxiv.org/pdf/1510.03856.pdf
342.9796 -58.5689 TucII 12.59 58 18.8 51.05 SeeRef -3.8 2020ApJ...893...47D 165 -9.99
359.15 -59.6 TucIII 6 25 17 52.05 SeeRef -2.4 2020ApJ...893...47D 44 -2.30
0.73 -60.85 TucIV 11.8 48 18.4 53.05 SeeRef -3.5 2020ApJ...893...47D 128 -2.30
354.35 -63.27 TucV 1.8 55 18.7 54.05 SeeRef -1.6 2020ApJ...893...47D 16 -1.80
158.7706 51.9479 UMaI 8.31 97 19.9 55.05 SeeRef -5.12 2020ApJ...893...47D 151 -2.18
132.8726 63.1335 UMaII 13.8 32 17.5 56.05 SeeRef -4.25 2020ApJ...893...47D 85 -2.47
227.242 67.2221 UMi 18.3 76 19.4 57.05 SeeRef -9.03 2020ApJ...893...47D 272 -2.13
180.038 -0.681 VirI 1.76 91 19.8 58.05 SeeRef -0.33 2020ApJ...893...47D 30 -9.99
162.3436 51.0501 Willman1 2.51 38 17.9 59.05 SeeRef -2.53 2020ApJ...893...47D 20 -2.10
