# N	RA(deg)	DEC(deg)	wrad	DistDetection(kpc)	m-M(detection)	SNR	Wave_peak	Name	Dist2object(arcmin)	3*hlr(arcmin)	Class	SNR_rank	Wave_r3	DistSimulation(kpc)	HPX64	(m-M)simulation	(M-m)Det-Sim	SNR_est	N0_order
0	51.3321	-23.3220	2.75	100.00	20.00	73.48	14.66	Simulated	0.33	1.11	conf	74.37	112.46	100.09	36225	20.0	-0.00	65.33	1	1
1	51.3296	-24.6262	3.00	100.00	20.00	72.32	15.55	Simulated	0.14	0.87	conf	67.58	110.01	100.06	36138	20.0	-0.00	57.67	2	2
2	52.7355	-28.6327	2.00	100.00	20.00	73.52	22.88	Simulated	0.12	0.75	conf	73.52	106.70	100.07	35934	20.0	-0.00	57.80	3	3
3	46.4096	-23.9726	2.25	100.00	20.00	64.06	16.98	Simulated	0.26	0.74	conf	62.29	103.46	100.06	36059	20.0	-0.00	56.29	4	4
4	46.4098	-27.9536	3.25	100.00	20.00	71.97	12.98	Simulated	0.19	0.99	conf	69.74	101.59	100.08	36036	20.0	-0.00	54.68	5	5
5	52.0331	-22.6714	2.25	100.00	20.00	68.53	17.79	Simulated	0.15	1.62	conf	68.53	100.12	100.06	36228	20.0	-0.00	57.42	6	6
6	46.4076	-21.3850	2.00	100.00	20.00	72.77	19.93	Simulated	0.20	1.08	conf	72.77	100.08	100.06	36087	20.0	-0.00	54.50	7	7
7	50.6287	-23.9696	3.25	100.00	20.00	87.83	11.35	Simulated	0.20	0.74	conf	85.44	100.26	100.05	36224	20.0	-0.00	57.82	8	8
8	50.6254	-27.9536	2.00	100.00	20.00	68.13	17.98	Simulated	0.03	0.79	conf	68.13	99.79	100.08	35955	20.0	-0.00	54.11	9	9
9	49.9239	-24.6247	3.00	100.00	20.00	63.89	12.76	Simulated	0.11	1.60	conf	63.59	93.92	100.07	36053	20.0	-0.00	54.19	10	10
10	47.8127	-25.2865	2.25	100.00	20.00	64.82	13.74	Simulated	0.24	1.49	conf	63.73	100.23	100.05	36051	20.0	-0.00	52.11	11	11
11	46.4066	-22.6725	1.75	100.00	20.00	76.75	18.96	Simulated	0.18	1.66	conf	73.26	89.33	100.07	36084	20.0	-0.00	51.02	12	12
12	53.4396	-26.6130	2.00	100.00	20.00	64.82	18.52	Simulated	0.21	1.63	conf	63.89	95.38	100.07	36128	20.0	-0.00	54.59	13	13
13	49.9229	-25.9451	2.50	100.00	20.00	65.45	12.90	Simulated	0.06	0.90	conf	69.53	86.53	100.08	35966	20.0	-0.00	48.78	14	14
14	52.7373	-27.2827	3.00	100.00	20.00	64.11	12.77	Simulated	0.24	1.68	conf	62.33	82.49	100.08	35957	20.0	-0.00	43.72	15	15
15	52.7364	-22.0260	3.25	100.00	20.00	63.02	11.16	Simulated	0.15	1.24	conf	60.26	76.97	100.07	36229	20.0	-0.00	41.03	16	16
16	52.7345	-25.9451	2.75	100.00	20.00	56.97	4.57	Simulated	0.04	0.91	conf	58.18	85.73	100.08	36130	20.0	-0.00	41.71	17	17
17	47.8126	-21.3842	3.50	100.00	20.00	50.86	3.82	Simulated	0.14	1.08	conf	53.76	79.09	100.09	36256	20.0	-0.00	43.37	18	18
18	53.4420	-22.6734	3.00	100.00	20.00	46.96	4.22	Simulated	0.34	0.84	conf	46.27	83.91	100.07	36143	20.0	-0.00	40.53	19	19
19	49.9223	-22.0248	3.50	100.00	20.00	57.36	3.60	Simulated	0.03	0.93	conf	56.11	80.08	100.06	36233	20.0	-0.00	43.82	20	20
20	46.4075	-25.2826	2.25	100.00	20.00	51.80	11.60	Simulated	0.07	0.98	conf	49.97	70.13	100.07	36056	20.0	-0.00	42.40	21	21
21	47.1102	-25.9448	3.25	100.00	20.00	51.80	4.27	Simulated	0.05	0.82	conf	49.97	81.74	100.06	36050	20.0	-0.00	41.81	22	22
22	52.0331	-23.9714	3.25	100.00	20.00	45.93	10.38	Simulated	0.16	0.82	conf	48.31	71.57	100.08	36139	20.0	-0.00	41.03	23	23
23	50.6275	-25.2868	3.25	100.00	20.00	54.03	10.06	Simulated	0.29	0.98	conf	54.03	72.26	100.08	35967	20.0	-0.00	35.57	24	24
24	49.2226	-25.2846	2.75	100.00	20.00	51.84	11.08	Simulated	0.24	0.83	conf	50.83	71.82	100.07	36052	20.0	-0.00	38.11	25	25
25	47.1099	-24.6258	2.00	100.00	20.00	48.97	15.24	Simulated	0.10	1.42	conf	47.30	72.69	100.09	36057	20.0	-0.00	41.22	26	26
26	48.5187	-25.9458	2.75	112.20	20.25	49.85	12.65	Simulated	0.19	1.10	conf	50.84	68.37	100.07	36049	20.0	0.25	41.23	27	27
27	48.5168	-24.6273	2.00	100.00	20.00	48.87	15.29	Simulated	0.19	1.20	conf	49.85	67.89	100.07	36054	20.0	-0.00	38.55	28	28
28	48.5200	-28.6333	3.75	100.00	20.00	48.11	3.45	Simulated	0.27	1.72	conf	47.19	74.50	100.08	35949	20.0	-0.00	40.01	29	29
29	49.2212	-27.9556	2.25	100.00	20.00	48.97	14.47	Simulated	0.19	1.02	conf	45.62	70.45	100.08	35960	20.0	-0.00	39.16	30	30
30	47.1137	-23.3216	2.00	100.00	20.00	45.06	12.85	Simulated	0.32	0.76	conf	44.19	67.70	100.06	36062	20.0	-0.00	41.73	31	31
31	47.1101	-28.6323	2.50	100.00	20.00	45.47	10.77	Simulated	0.09	1.27	conf	46.26	70.21	100.06	35950	20.0	-0.00	40.82	32	32
32	52.0359	-27.9571	3.50	100.00	20.00	42.03	3.09	Simulated	0.34	1.26	conf	44.00	73.86	100.07	35956	20.0	-0.00	35.80	33	33
33	47.8155	-22.6717	3.50	100.00	20.00	42.23	8.87	Simulated	0.21	1.39	conf	43.32	65.79	100.06	36063	20.0	-0.00	35.72	34	34
34	47.1103	-27.2823	3.00	100.00	20.00	55.67	12.19	Simulated	0.17	1.17	conf	54.56	68.02	100.05	36037	20.0	-0.00	38.13	35	35
35	48.5197	-22.0272	2.75	100.00	20.00	46.99	10.48	Simulated	0.29	0.82	conf	48.85	68.16	100.09	36234	20.0	-0.00	38.65	36	36
36	46.4089	-26.6119	2.00	100.00	20.00	48.85	15.78	Simulated	0.18	0.80	conf	47.89	66.34	100.06	36039	20.0	-0.00	37.08	37	37
37	53.4379	-21.3860	2.75	112.20	20.25	43.12	9.24	Simulated	0.24	0.81	conf	43.12	68.47	100.09	36240	20.0	0.25	39.62	38	38
38	48.5158	-23.3188	3.75	100.00	20.00	38.44	2.94	Simulated	0.05	1.35	conf	38.95	70.45	100.08	36061	20.0	-0.00	34.37	39	39
39	51.3304	-28.6322	3.25	100.00	20.00	62.24	10.38	Simulated	0.14	1.31	conf	63.55	65.81	100.07	35953	20.0	-0.00	36.01	40	40
40	51.3296	-22.0262	2.50	100.00	20.00	38.73	15.18	Simulated	0.14	1.28	conf	37.95	68.11	100.09	36230	20.0	-0.00	33.46	41	41
41	48.5168	-27.2833	3.25	100.00	20.00	48.84	3.81	Simulated	0.23	1.48	conf	48.84	72.36	100.06	35962	20.0	-0.00	35.20	42	42
42	53.4421	-23.9735	3.75	100.00	20.00	47.96	3.19	Simulated	0.35	0.97	conf	46.92	74.25	100.05	36140	20.0	-0.00	37.33	43	43
43	50.6247	-26.6119	2.50	100.00	20.00	44.40	10.43	Simulated	0.11	1.03	conf	44.40	68.37	100.09	35964	20.0	-0.00	37.07	44	44
44	52.0322	-26.6112	3.00	100.00	20.00	40.94	10.87	Simulated	0.09	1.63	conf	42.92	65.48	100.07	35959	20.0	-0.00	35.82	45	45
45	47.8163	-26.6117	2.50	100.00	20.00	42.23	12.95	Simulated	0.22	0.76	conf	42.23	66.89	100.07	36048	20.0	-0.00	39.62	46	46
46	49.2199	-22.6712	2.75	100.00	20.00	58.37	11.46	Simulated	0.12	1.27	conf	58.37	62.13	100.08	36232	20.0	-0.00	36.81	47	47
47	49.2222	-21.3837	2.25	100.00	20.00	43.47	14.41	Simulated	0.22	0.81	conf	44.25	63.27	100.08	36235	20.0	-0.00	35.32	48	48
48	51.3306	-25.9446	3.50	100.00	20.00	38.92	3.10	Simulated	0.14	0.78	conf	40.08	67.05	100.09	35965	20.0	-0.00	36.26	49	49
49	52.0329	-25.2861	2.50	100.00	20.00	40.70	13.36	Simulated	0.23	0.81	conf	38.92	65.08	100.05	36136	20.0	-0.00	32.87	50	50
50	49.2185	-23.9712	3.50	100.00	20.00	38.08	3.25	Simulated	0.11	0.90	conf	38.92	67.54	100.09	36055	20.0	-0.00	36.50	51	51
51	47.1084	-22.0257	3.50	100.00	20.00	46.80	3.15	Simulated	0.10	1.11	conf	47.81	66.49	100.08	36085	20.0	-0.00	35.82	52	52
52	52.0329	-21.3838	3.00	100.00	20.00	44.96	12.25	Simulated	0.15	1.23	conf	43.31	61.09	100.07	36231	20.0	-0.00	33.99	53	53
53	47.8154	-27.9533	3.25	100.00	20.00	38.17	8.76	Simulated	0.16	1.23	conf	41.12	57.90	100.07	35951	20.0	-0.00	30.28	54	54
54	53.4416	-27.9547	3.75	100.00	20.00	47.85	3.00	Simulated	0.24	1.21	conf	50.13	64.46	100.08	35935	20.0	-0.00	36.27	55	55
55	49.9254	-28.6327	2.75	100.00	20.00	49.02	9.28	Simulated	0.21	1.33	conf	47.82	62.04	100.06	35954	20.0	-0.00	34.60	56	56
56	51.3308	-27.2822	2.00	100.00	20.00	47.82	15.64	Simulated	0.21	1.29	conf	46.77	62.07	100.05	35958	20.0	-0.00	33.81	57	57
57	52.7387	-23.3219	3.25	100.00	20.00	45.85	3.43	Simulated	0.33	1.69	conf	43.98	70.17	100.07	36142	20.0	-0.00	30.37	58	58
58	49.9235	-27.2827	4.25	100.00	20.00	43.98	2.60	Simulated	0.20	1.13	conf	43.15	63.58	100.08	35961	20.0	-0.00	33.38	59	59
59	52.7365	-24.6261	3.25	100.00	20.00	38.96	11.67	Simulated	0.16	0.76	conf	38.96	61.18	100.09	36137	20.0	-0.00	32.81	60	60
60	49.2192	-26.6139	2.25	100.00	20.00	35.59	12.86	Simulated	0.23	1.65	conf	35.26	64.97	100.09	35963	20.0	-0.00	34.14	61	61
61	47.8140	-23.9718	2.50	100.00	20.00	46.80	12.54	Simulated	0.16	1.73	conf	49.02	58.26	100.05	36060	20.0	-0.00	34.08	62	62
62	53.4381	-25.2837	2.25	100.00	20.00	39.83	12.03	Simulated	0.07	1.04	conf	38.09	65.69	100.06	36131	20.0	-0.00	35.91	63	63
63	49.9226	-23.3205	3.00	100.00	20.00	45.70	10.99	Simulated	0.16	0.93	conf	45.70	58.73	100.05	36226	20.0	-0.00	31.80	64	64
64	50.6278	-21.3821	3.25	100.00	20.00	36.04	8.15	Simulated	0.16	0.72	conf	36.92	55.62	100.05	36236	20.0	-0.00	31.28	65	65
65	50.6286	-22.6737	3.50	100.00	20.00	46.96	2.49	Simulated	0.32	1.68	conf	45.79	57.57	100.07	36227	20.0	-0.00	32.89	66	66
66	50.8648	-29.5693	4.50	223.87	21.75	13.99	0.04	Simulated	61.27	1.31	cand	12.85	5.05	100.07	35952	20.0	1.75	36.01	67	67
67	53.3027	-27.0264	2.75	398.11	23.00	7.31	0.01	Simulated	25.99	1.63	cand	9.05	1.27	100.07	36128	20.0	3.00	54.59	68	68
68	46.9854	-27.9111	4.75	398.11	23.00	7.75	0.03	Simulated	30.82	0.99	cand	7.75	4.56	100.08	36036	20.0	3.00	54.68	69	69
69	50.2836	-22.7777	4.00	112.20	20.25	7.34	0.02	Simulated	19.97	1.68	cand	7.54	2.73	100.07	36227	20.0	0.25	32.89	70	70
70	48.8865	-23.6286	4.00	316.23	22.50	7.54	0.02	Simulated	27.42	0.90	cand	7.54	3.38	100.09	36055	20.0	2.50	36.50	71	71
71	45.3277	-20.5700	3.50	316.23	22.50	8.04	0.03	Simulated	77.74	1.08	cand	7.47	3.38	100.06	36093	20.0	2.50	54.50	72	72
72	47.2919	-22.5511	5.00	316.23	22.50	7.34	0.01	Simulated	29.71	1.39	cand	7.34	1.93	100.06	36063	20.0	2.50	35.72	73	73
73	51.1675	-21.5707	3.75	158.49	21.00	6.97	0.02	Simulated	28.65	1.28	cand	7.15	2.89	100.09	36230	20.0	1.00	33.46	74	74
74	51.7630	-21.6579	3.25	158.49	21.00	6.13	0.01	Simulated	22.31	1.23	cand	7.15	1.95	100.07	36231	20.0	1.00	33.99	75	75
75	54.2898	-23.9413	4.75	125.89	20.50	6.13	0.01	Simulated	46.77	0.97	cand	6.97	1.07	100.05	36135	20.0	0.50	37.33	76	76
76	50.0385	-29.0571	3.75	199.53	21.50	6.80	0.02	Simulated	26.29	1.33	cand	6.64	3.02	100.06	35954	20.0	1.50	34.60	77	77
77	52.7834	-20.7884	5.00	316.23	22.50	6.49	0.03	Simulated	51.13	0.81	cand	6.64	4.12	100.09	36242	20.0	2.50	39.62	78	78
78	51.2078	-21.5711	3.25	251.19	22.00	5.68	0.00	Simulated	28.01	1.28	cand	6.64	0.40	100.09	36230	20.0	2.00	33.46	79	79
79	48.1107	-20.9667	2.50	112.20	20.25	6.80	0.00	Simulated	30.00	1.08	cand	6.49	0.30	100.09	36257	20.0	0.25	43.37	80	80
80	53.8588	-27.3596	4.00	112.20	20.25	6.64	0.03	Simulated	42.10	1.21	cand	6.49	3.56	100.08	36106	20.0	0.25	36.27	81	81
81	49.4750	-28.9231	4.50	281.84	22.25	6.80	0.02	Simulated	29.29	1.33	cand	6.49	3.32	100.06	35943	20.0	2.25	34.60	82	82
82	52.7856	-29.5785	4.25	100.00	20.00	6.21	0.03	Simulated	56.91	0.75	cand	6.35	3.64	100.07	35929	20.0	-0.00	57.80	83	83
83	54.9327	-20.8579	4.50	158.49	21.00	6.25	0.03	Simulated	89.54	0.81	cand	6.25	4.59	100.09	36155	20.0	1.00	39.62	84	84
84	49.3622	-22.1697	4.25	125.89	20.50	5.95	0.02	Simulated	31.04	1.27	cand	5.95	3.23	100.08	36232	20.0	0.50	36.81	85	85
85	48.4503	-28.2630	4.00	89.13	19.75	5.49	0.01	Simulated	22.35	1.72	cand	5.71	1.43	100.08	35949	20.0	-0.25	40.01	86	86
86	48.0423	-25.1191	2.75	125.89	20.50	8.11	0.01	Simulated	15.88	1.49	cand	8.11	1.77	100.05	36051	20.0	0.50	52.11	87	87
87	54.6436	-25.6955	3.50	63.10	19.00	6.93	0.02	Simulated	69.76	1.04	cand	7.68	2.38	100.06	36132	20.0	-1.00	35.91	88	88
88	52.5450	-27.0287	2.75	141.25	20.75	7.08	0.01	Simulated	18.14	1.68	cand	7.55	1.27	100.08	35957	20.0	0.75	43.72	89	89
89	50.2190	-20.3227	3.00	100.00	20.00	7.17	0.01	Simulated	67.54	0.72	cand	7.51	1.20	100.05	36239	20.0	-0.00	31.28	90	90
90	46.2475	-25.5980	1.50	112.20	20.25	7.31	0.00	Simulated	20.78	0.98	cand	7.31	0.23	100.07	36056	20.0	0.25	42.40	91	91
91	45.8816	-28.2568	3.50	158.49	21.00	7.55	0.02	Simulated	33.18	0.99	cand	7.31	3.19	100.08	36033	20.0	1.00	54.68	92	92
92	47.9815	-27.1112	2.25	281.84	22.25	6.14	0.00	Simulated	30.26	1.48	cand	7.31	0.57	100.06	36048	20.0	2.25	35.20	93	93
93	47.0206	-25.1860	3.50	112.20	20.25	6.86	0.00	Simulated	33.86	0.98	cand	7.08	0.50	100.07	36057	20.0	0.25	42.40	94	94
94	54.3001	-20.5370	3.50	112.20	20.25	6.30	0.01	Simulated	70.13	0.81	cand	7.08	2.11	100.09	36241	20.0	0.25	39.62	95	95
95	49.3770	-28.2286	3.25	281.84	22.25	7.08	0.01	Simulated	18.52	1.02	cand	7.08	1.92	100.08	35960	20.0	2.25	39.16	96	96
96	48.1027	-22.2709	4.00	158.49	21.00	6.66	0.01	Simulated	27.28	0.82	cand	6.86	1.07	100.09	36234	20.0	1.00	38.65	97	97
97	47.2122	-23.9426	2.25	199.53	21.50	6.66	0.01	Simulated	32.96	1.73	cand	6.86	0.65	100.05	36060	20.0	1.50	34.08	98	98
98	48.4917	-25.4876	4.00	251.19	22.00	6.48	0.00	Simulated	27.45	1.10	cand	6.86	0.65	100.07	36049	20.0	2.00	41.23	99	99
99	49.7049	-23.6070	3.50	125.89	20.50	6.30	0.02	Simulated	21.05	0.93	cand	6.66	3.26	100.05	36226	20.0	0.50	31.80	100	100
100	49.3206	-27.1252	3.25	177.83	21.25	6.66	0.01	Simulated	31.38	1.65	cand	6.66	2.00	100.09	35963	20.0	1.25	34.14	101	101
101	53.8470	-24.3290	3.75	89.13	19.75	6.48	0.00	Simulated	31.09	0.97	cand	6.66	0.56	100.05	36134	20.0	-0.25	37.33	102	102
102	46.0251	-24.5070	4.50	251.19	22.00	8.60	0.03	Simulated	38.38	0.74	cand	6.66	4.61	100.06	36058	20.0	2.00	56.29	103	103
103	47.7405	-28.1743	3.50	89.13	19.75	6.66	0.00	Simulated	13.80	1.23	cand	6.66	0.50	100.07	35951	20.0	-0.25	30.28	104	104
104	45.2330	-23.7103	4.50	100.00	20.00	6.35	0.02	Simulated	66.30	0.74	cand	6.62	2.91	100.06	36080	20.0	-0.00	56.29	105	105
105	53.0050	-20.4211	4.00	281.84	22.25	6.37	0.00	Simulated	62.57	0.81	cand	6.58	0.64	100.09	36242	20.0	2.25	39.62	106	106
106	52.6946	-21.0677	3.50	141.25	20.75	6.66	0.02	Simulated	41.66	1.23	cand	6.48	2.41	100.07	36242	20.0	0.75	33.99	107	107
107	53.3422	-21.8615	4.25	281.84	22.25	6.30	0.00	Simulated	29.26	0.81	cand	6.48	0.76	100.09	36240	20.0	2.25	39.62	108	108
108	52.5439	-24.1596	1.50	398.11	23.00	6.48	0.00	Simulated	29.77	0.76	cand	6.48	0.23	100.09	36137	20.0	3.00	32.81	109	109
109	49.6518	-26.3204	3.50	398.11	23.00	5.98	0.02	Simulated	26.83	0.90	cand	6.48	2.68	100.08	35966	20.0	3.00	48.78	110	110
110	49.9009	-29.8374	0.75	199.53	21.50	5.11	0.00	Simulated	72.39	1.33	cand	6.36	0.15	100.06	35941	20.0	1.50	34.60	111	111
111	53.6252	-26.0616	2.50	141.25	20.75	6.13	0.01	Simulated	34.43	1.63	cand	6.30	0.71	100.07	36129	20.0	0.75	54.59	112	112
112	45.5601	-29.2737	3.75	177.83	21.25	6.86	0.01	Simulated	89.79	1.27	cand	6.30	0.94	100.06	36032	20.0	1.25	40.82	113	113
113	46.3426	-28.9281	3.25	398.11	23.00	5.12	0.01	Simulated	44.04	1.27	cand	6.30	1.23	100.06	35947	20.0	3.00	40.82	114	114
114	46.0020	-26.0040	3.00	251.19	22.00	5.98	0.02	Simulated	42.40	0.80	cand	6.30	2.13	100.06	36045	20.0	2.00	37.08	115	115
115	45.7006	-29.1630	3.75	398.11	23.00	6.48	0.02	Simulated	80.42	1.27	cand	6.30	2.70	100.06	36033	20.0	3.00	40.82	116	116
116	46.4860	-27.3667	3.75	141.25	20.75	6.66	0.00	Simulated	33.63	1.17	cand	6.30	0.55	100.05	36036	20.0	0.75	38.13	117	117
117	53.9446	-27.8170	3.00	100.00	20.00	6.30	0.00	Simulated	28.12	1.21	cand	6.30	0.37	100.08	35935	20.0	-0.00	36.27	118	118
118	54.9701	-29.7695	2.75	398.11	23.00	5.19	0.01	Simulated	135.00	0.75	cand	6.22	1.36	100.07	35927	20.0	3.00	57.80	119	119
119	47.7161	-27.8369	2.50	89.13	19.75	6.30	0.01	Simulated	8.65	1.23	conf	6.13	1.26	100.07	35951	20.0	-0.25	30.28	120	120
120	50.5157	-24.7891	3.50	100.00	20.00	6.48	0.00	Simulated	30.20	0.98	cand	6.13	0.48	100.08	35967	20.0	-0.00	35.57	121	121
121	50.7553	-25.9886	3.50	316.23	22.50	6.13	0.02	Simulated	31.00	0.78	cand	6.13	2.81	100.09	35965	20.0	2.50	36.26	122	122
122	45.2911	-26.8071	2.75	223.87	21.75	6.36	0.01	Simulated	60.87	0.80	cand	6.13	0.75	100.06	36044	20.0	1.75	37.08	123	123
123	54.9246	-22.9955	3.00	112.20	20.25	6.13	0.01	Simulated	84.43	0.84	cand	6.13	1.46	100.07	36152	20.0	0.25	40.53	124	124
124	45.3493	-22.9911	3.75	251.19	22.00	6.08	0.02	Simulated	61.48	1.66	cand	6.08	3.15	100.07	36083	20.0	2.00	51.02	125	125
125	54.2896	-23.9246	4.50	354.81	22.75	5.68	0.01	Simulated	46.81	0.97	cand	5.98	1.98	100.05	36135	20.0	2.75	37.33	126	126
126	51.5417	-21.2192	4.00	398.11	23.00	5.83	0.01	Simulated	29.07	1.23	cand	5.98	1.76	100.07	36231	20.0	3.00	33.99	127	127
127	54.3715	-20.5528	3.75	125.89	20.50	6.13	0.01	Simulated	72.30	0.81	cand	5.98	1.92	100.09	36241	20.0	0.50	39.62	128	128
128	53.4467	-26.9046	3.00	398.11	23.00	5.98	0.01	Simulated	17.68	1.63	cand	5.98	1.47	100.07	36128	20.0	3.00	54.59	129	129
129	53.6100	-21.0724	3.75	89.13	19.75	5.55	0.02	Simulated	20.93	0.81	cand	5.83	2.57	100.09	36240	20.0	-0.25	39.62	130	130
130	45.5920	-25.5614	4.00	223.87	21.75	5.55	0.01	Simulated	47.14	0.98	cand	5.83	0.88	100.07	36045	20.0	1.75	42.40	131	131
131	53.7409	-29.3483	4.50	100.00	20.00	5.98	0.02	Simulated	67.99	0.75	cand	5.83	2.32	100.07	35932	20.0	-0.00	57.80	132	132
132	50.0340	-25.6777	3.25	100.00	20.00	6.80	0.02	Simulated	17.12	0.90	cand	5.83	2.37	100.08	35966	20.0	-0.00	48.78	133	133
133	49.2883	-27.4422	4.00	251.19	22.00	5.68	0.01	Simulated	30.88	1.02	cand	5.83	2.11	100.08	35960	20.0	2.00	39.16	134	134
134	49.8321	-22.5469	3.25	199.53	21.50	5.98	0.00	Simulated	31.75	0.93	cand	5.83	0.55	100.06	36233	20.0	1.50	43.82	135	135
135	45.0616	-23.3786	2.75	223.87	21.75	5.74	0.01	Simulated	82.10	0.74	cand	5.74	1.39	100.06	36080	20.0	1.75	56.29	136	136
136	48.9843	-25.0154	1.25	141.25	20.75	5.12	0.00	Simulated	20.49	0.83	cand	5.68	0.19	100.07	36052	20.0	0.75	38.11	137	137
137	49.4398	-21.5938	3.50	112.20	20.25	5.83	0.03	Simulated	17.71	0.81	cand	5.55	3.89	100.08	36235	20.0	0.25	35.32	138	138
138	46.6898	-21.3367	3.00	100.00	20.00	5.30	0.01	Simulated	16.08	1.08	cand	5.55	1.84	100.06	36087	20.0	-0.00	54.50	139	139
139	46.9342	-21.7419	3.25	89.13	19.75	5.30	0.02	Simulated	19.56	1.11	cand	5.55	2.81	100.08	36085	20.0	-0.25	35.82	140	140
140	53.0650	-23.2460	2.25	281.84	22.25	5.42	0.01	Simulated	18.73	1.69	cand	5.42	0.71	100.07	36142	20.0	2.25	30.37	141	141
141	53.1751	-23.4956	0.25	199.53	21.50	5.30	0.02	Simulated	26.49	1.69	cand	5.42	2.56	100.07	36142	20.0	1.50	30.37	142	142
142	49.9008	-27.7456	3.50	158.49	21.00	5.42	0.02	Simulated	27.98	1.13	cand	5.42	3.28	100.08	35961	20.0	1.00	33.38	143	143
143	50.5430	-24.8103	2.75	112.20	20.25	5.42	0.01	Simulated	28.69	0.98	cand	5.42	1.51	100.08	35967	20.0	0.25	35.57	144	144
144	45.6755	-28.9585	2.50	100.00	20.00	5.42	0.01	Simulated	71.48	0.99	cand	5.42	0.69	100.08	36033	20.0	-0.00	54.68	145	145
145	49.9468	-29.9450	2.75	112.20	20.25	5.34	0.01	Simulated	78.85	1.33	cand	5.34	1.50	100.06	35941	20.0	0.25	34.60	146	146
146	48.1957	-29.1145	3.75	125.89	20.50	5.18	0.02	Simulated	33.51	1.72	cand	5.30	2.90	100.08	35948	20.0	0.50	40.01	147	147
147	51.3530	-23.5305	2.00	100.00	20.00	5.42	0.00	Simulated	12.82	1.11	cand	5.30	0.41	100.09	36225	20.0	-0.00	65.33	148	148
148	54.1594	-28.9105	3.25	112.20	20.25	5.55	0.01	Simulated	68.82	1.21	cand	5.30	1.49	100.08	35933	20.0	0.25	36.27	149	149
149	52.0476	-26.2488	4.00	316.23	22.50	5.42	0.01	Simulated	21.70	1.63	cand	5.30	2.04	100.07	35959	20.0	2.50	35.82	150	150
150	48.9927	-21.6943	4.00	89.13	19.75	5.55	0.01	Simulated	22.59	0.81	cand	5.30	1.71	100.08	36235	20.0	-0.25	35.32	151	151
151	47.8902	-21.9424	2.50	125.89	20.50	5.18	0.00	Simulated	33.91	1.08	cand	5.18	0.31	100.09	36256	20.0	0.50	43.37	152	152
152	48.7379	-27.3482	2.25	158.49	21.00	5.18	0.00	Simulated	12.54	1.48	cand	5.18	0.60	100.06	35962	20.0	1.00	35.20	153	153
153	51.4772	-22.7355	3.75	158.49	21.00	5.18	0.02	Simulated	30.91	1.62	cand	5.18	2.45	100.06	36228	20.0	1.00	57.42	154	154
154	48.9209	-27.3548	2.75	398.11	23.00	5.18	0.02	Simulated	22.07	1.48	cand	5.06	2.50	100.06	35962	20.0	3.00	35.20	155	155
155	45.5471	-26.8525	2.25	89.13	19.75	5.06	0.00	Simulated	48.23	0.80	cand	5.06	0.27	100.06	36038	20.0	-0.25	37.08	156	156
156	46.1064	-20.5868	3.50	100.00	20.00	5.30	0.00	Simulated	50.59	1.08	cand	5.06	0.77	100.06	36093	20.0	-0.00	54.50	157	157
157	53.6546	-27.5739	2.75	177.83	21.25	5.06	0.00	Simulated	25.52	1.21	cand	4.96	0.33	100.08	35935	20.0	1.25	36.27	158	158
158	50.3422	-21.0202	4.00	100.00	20.00	5.06	0.01	Simulated	26.87	0.72	cand	4.96	1.19	100.05	36236	20.0	-0.00	31.28	159	159
159	46.0610	-23.3281	5.00	89.13	19.75	5.30	0.01	Simulated	42.93	0.74	cand	4.96	1.16	100.06	36081	20.0	-0.25	56.29	160	160
160	51.3867	-30.0286	3.00	398.11	23.00	8.57	0.01	Simulated	83.91	1.31	cand	8.57	1.20	100.07	35930	20.0	3.00	36.01	161	161
161	46.0256	-28.4501	2.75	70.79	19.25	5.42	0.01	Simulated	35.95	0.99	cand	8.54	1.13	100.08	36033	20.0	-0.75	54.68	162	162
162	47.6458	-20.0843	3.25	354.81	22.75	7.63	0.01	Simulated	78.42	1.08	cand	8.35	1.75	100.09	36259	20.0	2.75	43.37	163	163
163	54.6934	-27.5656	2.25	281.84	22.25	8.06	0.00	Simulated	70.73	1.21	cand	7.58	0.35	100.08	36104	20.0	2.25	36.27	164	164
164	54.8973	-22.9876	1.50	141.25	20.75	6.14	0.00	Simulated	82.86	0.84	cand	6.96	0.22	100.07	36152	20.0	0.75	40.53	165	165
165	53.1504	-20.1372	4.25	177.83	21.25	6.95	0.00	Simulated	76.41	0.81	cand	6.95	0.77	100.09	36243	20.0	1.25	39.62	166	166
166	54.9077	-25.9412	2.25	112.20	20.25	6.89	0.00	Simulated	88.62	1.04	cand	6.89	0.57	100.06	36110	20.0	0.25	35.91	167	167
167	52.1914	-20.4508	2.75	100.00	20.00	6.85	0.01	Simulated	56.59	1.23	cand	6.85	1.29	100.07	36248	20.0	-0.00	33.99	168	168
168	50.0898	-27.4246	2.75	354.81	22.75	7.42	0.01	Simulated	12.47	1.13	cand	6.84	1.22	100.08	35961	20.0	2.75	33.38	169	169
169	50.3764	-28.8543	3.00	398.11	23.00	5.94	0.01	Simulated	27.38	1.33	cand	6.84	1.82	100.06	35954	20.0	3.00	34.60	170	170
170	54.8428	-26.3965	3.00	316.23	22.50	6.78	0.02	Simulated	76.61	1.63	cand	6.78	2.19	100.07	36107	20.0	2.50	54.59	171	171
171	45.3060	-24.7781	2.75	158.49	21.00	6.77	0.00	Simulated	67.15	0.98	cand	6.77	0.36	100.07	36058	20.0	1.00	42.40	172	172
172	54.6209	-22.9748	2.50	398.11	23.00	7.33	0.01	Simulated	67.89	0.84	cand	6.67	1.12	100.07	36152	20.0	3.00	40.53	173	173
173	50.4289	-20.5713	4.00	398.11	23.00	6.84	0.02	Simulated	49.87	0.72	cand	6.59	2.98	100.05	36238	20.0	3.00	31.28	174	174
174	53.4033	-29.5509	2.50	125.89	20.50	6.14	0.01	Simulated	65.31	0.75	cand	6.59	0.84	100.07	35932	20.0	0.50	57.80	175	175
175	49.1311	-28.2317	1.50	251.19	22.00	5.35	0.00	Simulated	17.34	1.02	cand	6.59	0.25	100.08	35960	20.0	2.00	39.16	176	176
176	49.3841	-20.7527	2.75	89.13	19.75	6.59	0.01	Simulated	38.87	0.81	cand	6.59	1.56	100.08	36238	20.0	-0.25	35.32	177	177
177	48.5549	-24.7937	2.25	141.25	20.75	6.35	0.00	Simulated	10.39	1.20	cand	6.59	0.57	100.07	36054	20.0	0.75	38.55	178	178
178	49.1822	-24.3383	1.50	354.81	22.75	6.35	0.00	Simulated	22.22	0.90	cand	6.59	0.22	100.09	36055	20.0	2.75	36.50	179	179
179	53.5764	-24.2227	3.00	354.81	22.75	5.94	0.02	Simulated	16.98	0.97	cand	6.35	1.94	100.05	36140	20.0	2.75	37.33	180	180
180	48.9871	-21.1569	2.75	199.53	21.50	6.35	0.01	Simulated	18.72	0.81	cand	6.35	1.09	100.08	36235	20.0	1.50	35.32	181	181
181	52.6608	-22.6761	2.00	398.11	23.00	6.35	0.00	Simulated	34.86	1.62	cand	6.35	0.41	100.06	36228	20.0	3.00	57.42	182	182
182	50.6284	-26.0995	2.00	158.49	21.00	6.59	0.00	Simulated	30.64	1.03	cand	6.35	0.39	100.09	35964	20.0	1.00	37.07	183	183
183	48.6873	-21.0968	2.50	89.13	19.75	5.94	0.01	Simulated	34.32	0.81	cand	6.35	0.85	100.08	36257	20.0	-0.25	35.32	184	184
184	46.1643	-23.8790	0.25	125.89	20.50	6.59	0.01	Simulated	14.34	0.74	cand	6.35	1.14	100.06	36059	20.0	0.50	56.29	185	185
185	47.1495	-25.1906	2.75	281.84	22.25	6.59	0.01	Simulated	34.05	1.42	cand	6.35	0.86	100.09	36057	20.0	2.25	41.22	186	186
186	46.3387	-21.6095	2.50	281.84	22.25	5.35	0.01	Simulated	14.17	1.08	cand	6.35	1.16	100.06	36087	20.0	2.25	54.50	187	187
187	48.3005	-29.7182	3.50	398.11	23.00	5.79	0.01	Simulated	66.19	1.72	cand	6.24	1.61	100.08	35942	20.0	3.00	40.01	188	188
188	47.0407	-29.3072	3.75	158.49	21.00	6.14	0.00	Simulated	40.73	1.27	cand	6.14	0.59	100.06	35947	20.0	1.00	40.82	189	189
189	49.2786	-26.8382	3.75	354.81	22.75	6.14	0.02	Simulated	14.06	1.65	cand	6.14	3.21	100.09	35963	20.0	2.75	34.14	190	190
190	47.2918	-22.5719	5.25	354.81	22.75	6.14	0.01	Simulated	29.44	1.39	cand	6.14	1.91	100.06	36063	20.0	2.75	35.72	191	191
191	54.7267	-27.5818	0.25	158.49	21.00	6.28	0.00	Simulated	72.09	1.21	cand	5.99	0.25	100.08	36104	20.0	1.00	36.27	192	192
192	46.5233	-24.6192	4.25	251.19	22.00	5.75	0.00	Simulated	31.97	1.42	cand	5.94	0.75	100.09	36057	20.0	2.00	41.22	193	193
193	50.4377	-27.4010	2.50	100.00	20.00	5.75	0.01	Simulated	28.43	1.13	cand	5.94	1.14	100.08	35961	20.0	-0.00	33.38	194	194
194	45.7274	-27.8466	2.75	158.49	21.00	5.94	0.01	Simulated	36.57	0.99	cand	5.94	1.25	100.08	36038	20.0	1.00	54.68	195	195
195	47.7986	-21.1092	2.75	112.20	20.25	5.75	0.01	Simulated	16.38	1.08	cand	5.94	1.59	100.09	36256	20.0	0.25	43.37	196	196
196	47.8050	-27.5992	2.50	100.00	20.00	5.94	0.01	Simulated	21.24	1.23	cand	5.94	0.79	100.07	35951	20.0	-0.00	30.28	197	197
197	51.9259	-20.1167	3.50	177.83	21.25	5.94	0.02	Simulated	76.14	1.23	cand	5.94	2.75	100.07	36248	20.0	1.25	33.99	198	198
198	45.1255	-21.7880	3.25	251.19	22.00	5.58	0.01	Simulated	75.40	1.08	cand	5.88	1.53	100.06	36092	20.0	2.00	54.50	199	199
199	52.1723	-21.0675	0.25	89.13	19.75	5.75	0.01	Simulated	20.45	1.23	cand	5.75	1.36	100.07	36231	20.0	-0.25	33.99	200	200
200	50.0245	-26.9818	2.75	281.84	22.25	5.58	0.00	Simulated	18.69	1.13	cand	5.75	0.35	100.08	35961	20.0	2.25	33.38	201	201
201	50.9020	-26.7779	2.75	125.89	20.50	5.58	0.01	Simulated	17.93	1.03	cand	5.75	1.19	100.09	35964	20.0	0.50	37.07	202	202
202	52.8237	-22.8217	2.75	158.49	21.00	5.94	0.01	Simulated	30.18	1.69	cand	5.75	1.80	100.07	36142	20.0	1.00	30.37	203	203
203	50.2347	-22.7312	4.00	177.83	21.25	5.42	0.02	Simulated	21.91	1.68	cand	5.75	3.49	100.07	36227	20.0	1.25	32.89	204	204
204	52.8909	-24.1716	2.75	281.84	22.25	6.14	0.01	Simulated	28.48	0.76	cand	5.75	1.30	100.09	36137	20.0	2.25	32.81	205	205
205	50.9843	-21.9441	3.25	354.81	22.75	5.75	0.02	Simulated	19.73	1.28	cand	5.75	2.76	100.09	36230	20.0	2.75	33.46	206	206
206	47.2266	-29.4785	3.00	354.81	22.75	5.58	0.02	Simulated	51.22	1.27	cand	5.75	2.19	100.06	35945	20.0	2.75	40.82	207	207
207	50.1020	-20.9669	2.25	125.89	20.50	5.75	0.00	Simulated	38.45	0.72	cand	5.75	0.41	100.05	36238	20.0	0.50	31.28	208	208
208	45.3137	-21.2157	2.50	125.89	20.50	5.50	0.01	Simulated	61.91	1.08	cand	5.72	0.78	100.06	36092	20.0	0.50	54.50	209	209
209	54.9103	-28.2287	4.25	177.83	21.25	5.42	0.00	Simulated	79.59	1.21	cand	5.72	0.67	100.08	36104	20.0	1.25	36.27	210	210
210	54.6515	-23.4743	2.50	158.49	21.00	5.70	0.01	Simulated	73.12	0.97	cand	5.70	0.80	100.05	36141	20.0	1.00	37.33	211	211
211	52.8251	-28.4283	2.75	398.11	23.00	5.58	0.01	Simulated	13.07	0.75	cand	5.58	1.84	100.07	35934	20.0	3.00	57.80	212	212
212	45.9148	-22.2351	3.00	125.89	20.50	5.75	0.01	Simulated	37.74	1.66	cand	5.58	1.79	100.07	36086	20.0	0.50	51.02	213	213
213	52.6543	-20.9011	4.00	158.49	21.00	6.86	0.02	Simulated	45.30	1.23	cand	5.58	2.92	100.07	36242	20.0	1.00	33.99	214	214
214	48.7510	-26.4231	3.25	141.25	20.75	5.26	0.00	Simulated	27.53	1.65	cand	5.58	0.44	100.09	35963	20.0	0.75	34.14	215	215
215	50.2862	-24.5278	2.50	223.87	21.75	5.42	0.01	Simulated	20.71	1.60	cand	5.58	0.88	100.07	36053	20.0	1.75	54.19	216	216
216	52.5352	-25.8036	1.75	141.25	20.75	5.26	0.00	Simulated	13.68	0.91	cand	5.58	0.31	100.08	36130	20.0	0.75	41.71	217	217
217	47.5665	-21.2470	2.75	89.13	19.75	5.42	0.01	Simulated	15.96	1.08	cand	5.58	1.61	100.09	36256	20.0	-0.25	43.37	218	218
218	50.6739	-21.9743	2.50	158.49	21.00	5.58	0.01	Simulated	35.65	0.72	cand	5.58	0.75	100.05	36236	20.0	1.00	31.28	219	219
219	45.3313	-22.9825	2.25	100.00	20.00	5.35	0.00	Simulated	62.27	1.66	cand	5.56	0.55	100.07	36083	20.0	-0.00	51.02	220	220
220	51.4503	-22.7061	3.50	316.23	22.50	5.75	0.00	Simulated	32.23	1.62	cand	5.42	0.50	100.06	36228	20.0	2.50	57.42	221	221
221	49.0621	-22.6937	2.25	100.00	20.00	5.26	0.01	Simulated	8.79	1.27	conf	5.42	0.76	100.08	36232	20.0	-0.00	36.81	222	222
222	52.8057	-20.8092	3.25	158.49	21.00	5.42	0.01	Simulated	49.36	0.81	cand	5.42	1.91	100.09	36242	20.0	1.00	39.62	223	223
223	46.2045	-23.9627	3.00	89.13	19.75	5.26	0.01	Simulated	11.07	0.74	cand	5.42	1.73	100.06	36059	20.0	-0.25	56.29	224	224
224	51.9550	-21.8628	2.25	354.81	22.75	5.58	0.01	Simulated	29.16	1.23	cand	5.42	0.71	100.07	36231	20.0	2.75	33.99	225	225
225	52.7721	-21.8801	0.50	158.49	21.00	5.75	0.00	Simulated	8.90	1.24	conf	5.42	0.12	100.07	36229	20.0	1.00	41.03	226	226
226	54.0011	-28.1540	2.75	89.13	19.75	5.26	0.01	Simulated	32.15	1.21	cand	5.42	1.82	100.08	35933	20.0	-0.25	36.27	227	227
227	50.9162	-26.7656	3.00	100.00	20.00	5.42	0.01	Simulated	18.17	1.03	cand	5.42	1.16	100.09	35964	20.0	-0.00	37.07	228	228
228	47.9584	-29.3905	1.50	223.87	21.75	5.26	0.00	Simulated	54.08	1.72	cand	5.42	0.25	100.08	35948	20.0	1.75	40.01	229	229
229	53.0292	-27.5360	2.00	100.00	20.00	5.26	0.00	Simulated	21.97	1.68	cand	5.42	0.30	100.08	35957	20.0	-0.00	43.72	230	230
230	51.9127	-27.1775	2.75	199.53	21.50	5.26	0.01	Simulated	31.80	1.29	cand	5.42	1.35	100.05	35958	20.0	1.50	33.81	231	231
231	51.1213	-28.6511	2.25	199.53	21.50	5.42	0.01	Simulated	10.96	1.31	cand	5.42	0.72	100.07	35953	20.0	1.50	36.01	232	232
232	48.9882	-22.5402	2.75	199.53	21.50	5.12	0.01	Simulated	14.95	1.27	cand	5.42	1.23	100.08	36232	20.0	1.50	36.81	233	233
233	53.7910	-29.5312	2.75	112.20	20.25	5.42	0.01	Simulated	77.20	0.75	cand	5.42	1.28	100.07	35932	20.0	0.25	57.80	234	234
234	48.8962	-24.1160	3.00	112.20	20.25	5.26	0.01	Simulated	19.73	0.90	cand	5.42	1.16	100.09	36055	20.0	0.25	36.50	235	235
235	54.9226	-26.2118	2.75	89.13	19.75	5.38	0.01	Simulated	83.44	1.63	cand	5.38	1.00	100.07	36107	20.0	-0.25	54.59	236	236
236	49.2206	-23.4379	3.50	316.23	22.50	6.13	0.02	Simulated	31.90	0.90	cand	5.26	3.13	100.09	36055	20.0	2.50	36.50	237	237
237	53.5478	-27.7123	3.25	398.11	23.00	5.26	0.02	Simulated	15.60	1.21	cand	5.26	2.21	100.08	35935	20.0	3.00	36.27	238	238
238	49.6814	-28.7742	2.00	89.13	19.75	5.12	0.00	Simulated	15.29	1.33	cand	5.26	0.38	100.06	35954	20.0	-0.25	34.60	239	239
239	48.9603	-25.6835	1.00	251.19	22.00	5.12	0.00	Simulated	27.82	0.83	cand	5.26	0.20	100.07	36052	20.0	2.00	38.11	240	240
240	49.6489	-22.9494	0.25	158.49	21.00	5.12	0.00	Simulated	26.77	0.93	cand	5.26	0.40	100.05	36226	20.0	1.00	31.80	241	241
241	47.9818	-28.2404	3.00	354.81	22.75	5.58	0.00	Simulated	19.42	1.23	cand	5.26	0.37	100.07	35951	20.0	2.75	30.28	242	242
242	54.1371	-21.8804	3.25	125.89	20.50	5.26	0.02	Simulated	49.11	0.81	cand	5.26	2.24	100.09	36154	20.0	0.50	39.62	243	243
243	47.5223	-24.6888	1.75	125.89	20.50	5.26	0.00	Simulated	22.84	1.42	cand	5.26	0.38	100.09	36057	20.0	0.50	41.22	244	244
244	50.7388	-26.7676	3.00	199.53	21.50	5.26	0.01	Simulated	11.25	1.03	cand	5.26	1.79	100.09	35964	20.0	1.50	37.07	245	245
245	49.8688	-26.2461	3.75	199.53	21.50	5.26	0.00	Simulated	18.32	0.90	cand	5.26	0.54	100.08	35966	20.0	1.50	48.78	246	246
246	45.4824	-27.5891	2.50	89.13	19.75	5.26	0.01	Simulated	53.76	0.99	cand	5.26	1.15	100.08	36038	20.0	-0.25	54.68	247	247
247	46.5692	-24.6028	3.50	177.83	21.25	5.26	0.01	Simulated	29.50	1.42	cand	5.26	2.02	100.09	36057	20.0	1.25	41.22	248	248
248	52.8630	-28.4366	2.50	112.20	20.25	5.42	0.01	Simulated	13.50	0.75	cand	5.26	1.02	100.07	35934	20.0	0.25	57.80	249	249
249	45.0547	-24.9578	2.75	177.83	21.25	5.23	0.01	Simulated	76.06	0.98	cand	5.23	1.37	100.07	36047	20.0	1.25	42.40	250	250
250	45.2615	-27.8149	3.00	281.84	22.25	5.18	0.01	Simulated	61.31	0.99	cand	5.18	1.41	100.08	36035	20.0	2.25	54.68	251	251
251	54.7579	-23.3187	3.00	112.20	20.25	5.17	0.01	Simulated	82.52	0.84	cand	5.17	1.32	100.07	36141	20.0	0.25	40.53	252	252
252	48.2005	-20.1370	2.25	354.81	22.75	5.12	0.00	Simulated	77.82	1.08	cand	5.12	0.54	100.09	36259	20.0	2.75	43.37	253	253
253	45.5904	-23.5441	2.75	125.89	20.50	5.26	0.01	Simulated	51.62	0.74	cand	5.12	1.19	100.06	36081	20.0	0.50	56.29	254	254
254	51.2020	-21.7252	2.00	354.81	22.75	5.12	0.00	Simulated	19.28	1.28	cand	5.12	0.41	100.09	36230	20.0	2.75	33.46	255	255
255	49.4580	-22.5810	2.50	199.53	21.50	6.13	0.01	Simulated	14.28	1.27	cand	5.12	0.97	100.08	36232	20.0	1.50	36.81	256	256
256	49.3394	-27.1249	2.25	100.00	20.00	5.26	0.01	Simulated	31.55	1.65	cand	5.12	0.62	100.09	35963	20.0	-0.00	34.14	257	257
257	53.7514	-27.4064	2.50	177.83	21.25	5.26	0.01	Simulated	36.82	1.21	cand	5.12	0.91	100.08	36106	20.0	1.25	36.27	258	258
258	52.3261	-23.0553	3.75	354.81	22.75	5.26	0.02	Simulated	27.51	1.69	cand	5.12	2.66	100.07	36142	20.0	2.75	30.37	259	259
259	48.1992	-28.2145	3.00	354.81	22.75	5.12	0.01	Simulated	25.76	1.23	cand	5.12	1.63	100.07	35951	20.0	2.75	30.28	260	260
260	45.9221	-21.5810	2.75	316.23	22.50	5.12	0.01	Simulated	29.53	1.08	cand	5.12	0.93	100.06	36087	20.0	2.50	54.50	261	261
261	45.5933	-22.0400	0.25	89.13	19.75	5.12	0.00	Simulated	58.91	1.66	cand	5.12	0.34	100.07	36086	20.0	-0.25	51.02	262	262
262	48.3497	-22.1573	3.00	281.84	22.25	5.12	0.02	Simulated	12.19	0.82	cand	5.12	1.95	100.09	36234	20.0	2.25	38.65	263	263
263	49.1249	-20.6888	4.25	398.11	23.00	6.30	0.02	Simulated	41.92	0.81	cand	5.12	3.19	100.08	36257	20.0	3.00	35.32	264	264
264	53.1568	-29.1939	3.25	251.19	22.00	5.12	0.02	Simulated	40.37	0.75	cand	5.12	2.09	100.07	35932	20.0	2.00	57.80	265	265
265	47.4198	-27.1953	2.00	100.00	20.00	5.12	0.00	Simulated	17.32	1.17	cand	5.12	0.38	100.05	36037	20.0	-0.00	38.13	266	266
266	54.6029	-22.9792	2.75	177.83	21.25	5.08	0.01	Simulated	67.00	0.84	cand	5.08	1.15	100.07	36152	20.0	1.25	40.53	267	267
267	49.2645	-29.9803	4.25	141.25	20.75	5.06	0.00	Simulated	87.87	1.33	cand	5.06	0.76	100.06	35941	20.0	0.75	34.60	268	268
268	45.2242	-23.4268	3.00	251.19	22.00	5.82	0.02	Simulated	72.76	0.74	cand	5.04	1.95	100.06	36081	20.0	2.00	56.29	269	269
269	53.2944	-23.6784	1.75	112.20	20.25	5.12	0.00	Simulated	19.15	0.97	cand	4.98	0.27	100.05	36140	20.0	0.25	37.33	270	270
270	45.5241	-28.3981	4.25	398.11	23.00	5.12	0.00	Simulated	53.67	0.99	cand	4.98	0.77	100.08	36033	20.0	3.00	54.68	271	271
271	47.7894	-20.9467	2.75	177.83	21.25	5.12	0.01	Simulated	26.14	1.08	cand	4.98	1.33	100.09	36256	20.0	1.25	43.37	272	272
272	45.7792	-26.3347	3.00	125.89	20.50	5.26	0.00	Simulated	37.55	0.80	cand	4.98	0.36	100.06	36045	20.0	0.50	37.08	273	273
273	47.5676	-23.5637	3.25	354.81	22.75	5.26	0.02	Simulated	27.83	1.73	cand	4.98	2.03	100.05	36060	20.0	2.75	34.08	274	274
274	51.1461	-21.9372	1.00	316.23	22.50	5.12	0.00	Simulated	11.40	1.28	cand	4.98	0.16	100.09	36230	20.0	2.50	33.46	275	275
275	47.5667	-21.7595	1.75	177.83	21.25	5.26	0.00	Simulated	26.48	1.08	cand	4.98	0.23	100.09	36256	20.0	1.25	43.37	276	276
276	54.0446	-24.7814	2.25	251.19	22.00	5.12	0.01	Simulated	44.70	1.04	cand	4.98	0.65	100.06	36134	20.0	2.00	35.91	277	277
277	53.7866	-29.5604	1.50	251.19	22.00	5.12	0.00	Simulated	78.26	0.75	cand	4.98	0.23	100.07	35932	20.0	2.00	57.80	278	278
278	47.7013	-24.7762	3.75	125.89	20.50	6.13	0.00	Simulated	30.98	1.49	cand	4.98	0.55	100.05	36051	20.0	0.50	52.11	279	279
279	45.2073	-22.8183	3.50	177.83	21.25	5.19	0.00	Simulated	66.90	1.66	cand	4.97	0.51	100.07	36083	20.0	1.25	51.02	280	280
280	54.8294	-22.9927	2.75	223.87	21.75	5.07	0.01	Simulated	79.29	0.84	cand	4.86	0.84	100.07	36152	20.0	1.75	40.53	281	281
281	54.9646	-24.4157	2.50	100.00	20.00	5.39	0.01	Simulated	87.62	0.97	cand	4.68	0.84	100.05	36135	20.0	-0.00	37.33	282	282
282	49.6830	-28.8492	3.00	199.53	21.50	5.83	0.01	Simulated	18.14	1.33	cand	4.60	1.66	100.06	35954	20.0	1.50	34.60	283	283
283	53.8039	-26.2767	3.00	50.12	18.50	5.55	0.02	Simulated	28.08	1.63	cand	10.93	2.04	100.07	36129	20.0	-1.50	54.59	284	284
284	47.2700	-22.1094	2.75	44.67	18.25	5.94	0.01	Simulated	10.29	1.11	cand	10.93	1.43	100.08	36085	20.0	-1.75	35.82	285	285
285	51.8523	-25.4396	3.75	316.23	22.50	6.21	0.00	Simulated	13.51	0.81	cand	4.38	0.56	100.05	36136	20.0	2.50	32.87	286	286
286	46.7212	-21.3201	4.00	50.12	18.50	5.42	0.03	Simulated	17.99	1.08	cand	7.88	4.07	100.06	36087	20.0	-1.50	54.50	287	287
287	52.2159	-21.5718	3.25	398.11	23.00	5.06	0.02	Simulated	15.36	1.23	cand	3.99	3.09	100.07	36231	20.0	3.00	33.99	288	288
288	49.7616	-29.8356	3.00	50.12	18.50	5.36	0.01	Simulated	72.75	1.33	cand	7.54	1.81	100.06	35941	20.0	-1.50	34.60	289	289
289	45.0284	-24.1823	1.75	354.81	22.75	6.79	0.00	Simulated	76.49	0.74	cand	6.79	0.37	100.06	36080	20.0	2.75	56.29	290	290
290	54.1745	-29.8480	2.00	63.10	19.00	5.06	0.00	Simulated	104.64	0.75	cand	6.54	0.48	100.07	35926	20.0	-1.00	57.80	291	291
291	54.6666	-25.6868	4.00	70.79	19.25	5.17	0.00	Simulated	70.74	1.04	cand	6.36	0.70	100.06	36132	20.0	-0.75	35.91	292	292
292	49.3556	-26.4038	2.50	281.84	22.25	6.34	0.01	Simulated	14.39	1.65	cand	6.34	0.77	100.09	35963	20.0	2.25	34.14	293	293
293	52.4359	-29.5746	1.75	354.81	22.75	6.34	0.00	Simulated	58.72	0.75	cand	6.34	0.31	100.07	35931	20.0	2.75	57.80	294	294
294	48.1548	-22.7999	2.50	316.23	22.50	5.57	0.00	Simulated	20.48	1.39	cand	6.34	0.30	100.06	36063	20.0	2.50	35.72	295	295
295	48.4965	-25.5084	3.25	199.53	21.50	6.06	0.01	Simulated	26.19	1.10	cand	6.06	0.90	100.07	36049	20.0	1.50	41.23	296	296
296	50.2133	-25.2557	1.75	63.10	19.00	5.26	0.00	Simulated	22.40	0.98	cand	6.06	0.24	100.08	35967	20.0	-1.00	35.57	297	297
297	54.4386	-29.3361	2.50	316.23	22.50	5.80	0.01	Simulated	98.12	1.21	cand	6.06	0.79	100.08	35927	20.0	2.50	36.27	298	298
298	51.9658	-20.1335	3.00	281.84	22.25	6.00	0.01	Simulated	75.00	1.23	cand	6.00	1.71	100.07	36248	20.0	2.25	33.99	299	299
299	45.0535	-20.7328	2.50	354.81	22.75	5.41	0.01	Simulated	85.31	1.08	cand	5.83	0.78	100.06	36093	20.0	2.75	54.50	300	300
300	46.4957	-24.6274	2.00	398.11	23.00	5.80	0.00	Simulated	33.47	1.42	cand	5.80	0.45	100.09	36057	20.0	3.00	41.22	301	301
301	54.2956	-26.8046	2.25	100.00	20.00	7.11	0.00	Simulated	47.41	1.63	cand	5.80	0.57	100.07	36106	20.0	-0.00	54.59	302	302
302	46.5315	-29.0921	2.25	158.49	21.00	5.80	0.00	Simulated	41.03	1.27	cand	5.80	0.53	100.06	35947	20.0	1.00	40.82	303	303
303	45.4970	-29.8187	2.25	251.19	22.00	5.45	0.01	Simulated	110.11	1.27	cand	5.79	0.76	100.06	35946	20.0	2.00	40.82	304	304
304	45.1734	-23.7345	4.00	112.20	20.25	5.57	0.01	Simulated	69.16	0.74	cand	5.57	1.71	100.06	36080	20.0	0.25	56.29	305	305
305	51.9268	-27.1650	2.75	354.81	22.75	5.57	0.01	Simulated	32.69	1.29	cand	5.57	1.55	100.05	35959	20.0	2.75	33.81	306	306
306	54.2329	-29.3263	2.25	251.19	22.00	5.35	0.01	Simulated	88.80	0.75	cand	5.57	0.61	100.07	35927	20.0	2.00	57.80	307	307
307	53.0162	-29.7112	2.50	223.87	21.75	5.42	0.01	Simulated	66.46	0.75	cand	5.42	0.83	100.07	35929	20.0	1.75	57.80	308	308
308	48.7824	-25.9019	2.50	199.53	21.50	5.16	0.01	Simulated	14.62	1.10	cand	5.35	0.96	100.07	36049	20.0	1.50	41.23	309	309
309	47.1998	-28.8201	4.50	79.43	19.50	5.38	0.01	Simulated	12.30	1.27	cand	5.35	1.06	100.06	35950	20.0	-0.50	40.82	310	310
310	45.8910	-20.7515	1.50	100.00	20.00	5.35	0.00	Simulated	47.60	1.08	cand	5.35	0.25	100.06	36093	20.0	-0.00	54.50	311	311
311	48.0278	-23.8462	2.50	251.19	22.00	5.35	0.01	Simulated	13.94	1.73	cand	5.35	1.09	100.05	36060	20.0	2.00	34.08	312	312
312	51.9556	-22.8586	2.75	398.11	23.00	5.16	0.01	Simulated	12.09	1.62	cand	5.16	1.37	100.06	36228	20.0	3.00	57.42	313	313
313	47.0069	-25.1610	2.25	125.89	20.50	5.16	0.01	Simulated	32.68	1.42	cand	5.16	0.60	100.09	36057	20.0	0.50	41.22	314	314
314	49.1806	-28.3769	2.75	398.11	23.00	5.16	0.01	Simulated	25.50	1.02	cand	5.16	1.07	100.08	35960	20.0	3.00	39.16	315	315
315	45.4135	-23.5211	1.75	199.53	21.50	5.36	0.00	Simulated	60.88	0.74	cand	5.14	0.31	100.06	36081	20.0	1.50	56.29	316	316
316	45.3440	-28.8663	2.50	316.23	22.50	5.10	0.00	Simulated	78.21	0.99	cand	5.10	0.31	100.08	36033	20.0	2.50	54.68	317	317
317	47.5956	-29.9580	3.00	251.19	22.00	5.05	0.02	Simulated	83.54	1.27	cand	5.05	1.98	100.06	35945	20.0	2.00	40.82	318	318
318	49.4790	-29.1356	2.75	354.81	22.75	5.16	0.00	Simulated	38.15	1.33	cand	4.97	0.33	100.06	35943	20.0	2.75	34.60	319	319
319	52.5731	-27.0828	1.50	89.13	19.75	5.16	0.00	Simulated	14.62	1.68	cand	4.97	0.25	100.08	35957	20.0	-0.25	43.72	320	320
320	49.6979	-23.7321	2.00	398.11	23.00	5.16	0.00	Simulated	27.72	0.93	cand	4.97	0.40	100.05	36226	20.0	3.00	31.80	321	321
321	49.8831	-25.3582	2.25	199.53	21.50	5.16	0.00	Simulated	35.24	0.90	cand	4.97	0.57	100.08	35966	20.0	1.50	48.78	322	322
322	46.1166	-27.2635	2.75	398.11	23.00	5.35	0.00	Simulated	42.14	0.80	cand	4.97	0.60	100.06	36038	20.0	3.00	37.08	323	323
323	51.1797	-21.2167	2.50	223.87	21.75	5.16	0.01	Simulated	32.57	0.72	cand	4.80	1.16	100.05	36237	20.0	1.75	31.28	324	324
324	46.4636	-21.6896	2.25	125.89	20.50	5.94	0.00	Simulated	18.73	1.08	cand	4.80	0.59	100.06	36087	20.0	0.50	54.50	325	325
325	52.2324	-28.6035	2.50	251.19	22.00	5.16	0.01	Simulated	26.49	0.75	cand	4.80	0.95	100.07	35934	20.0	2.00	57.80	326	326
326	46.8781	-26.8815	2.25	398.11	23.00	5.16	0.01	Simulated	26.90	1.17	cand	4.80	0.67	100.05	36037	20.0	3.00	38.13	327	327
327	47.4639	-20.2802	2.75	281.84	22.25	5.27	0.00	Simulated	68.95	1.08	cand	4.75	0.34	100.09	36259	20.0	2.25	43.37	328	328
328	47.7735	-29.9786	3.00	125.89	20.50	5.50	0.01	Simulated	87.92	1.27	cand	4.69	1.56	100.06	35945	20.0	0.50	40.82	329	329
329	45.5759	-20.6564	3.00	398.11	23.00	5.42	0.01	Simulated	63.78	1.08	cand	4.65	1.07	100.06	36093	20.0	3.00	54.50	330	330
330	49.1503	-28.2523	2.25	177.83	21.25	5.94	0.01	Simulated	18.31	1.02	cand	4.65	0.70	100.08	35960	20.0	1.25	39.16	331	331
331	51.7926	-21.0913	0.75	158.49	21.00	5.75	0.00	Simulated	21.96	1.23	cand	4.65	0.14	100.07	36231	20.0	1.00	33.99	332	332
332	50.8184	-21.1508	3.00	354.81	22.75	5.94	0.02	Simulated	17.59	0.72	cand	4.50	2.19	100.05	36236	20.0	2.75	31.28	333	333
333	47.3658	-29.1329	2.50	125.89	20.50	5.58	0.01	Simulated	32.97	1.27	cand	4.50	0.92	100.06	35948	20.0	0.50	40.82	334	334
334	53.8998	-20.0825	2.50	112.20	20.25	5.07	0.01	Simulated	82.20	0.81	cand	4.47	0.76	100.09	36243	20.0	0.25	39.62	335	335
335	54.9778	-29.8861	4.50	177.83	21.25	5.52	0.01	Simulated	138.89	0.75	cand	4.44	1.43	100.07	35925	20.0	1.25	57.80	336	336
336	46.7021	-29.8516	2.25	125.89	20.50	5.25	0.01	Simulated	76.24	1.27	cand	4.41	0.74	100.06	35945	20.0	0.50	40.82	337	337
337	45.4370	-29.9345	0.25	316.23	22.50	5.44	0.00	Simulated	116.96	1.27	cand	4.37	0.12	100.06	35946	20.0	2.50	40.82	338	338
338	50.8250	-28.1645	1.25	354.81	22.75	5.42	0.00	Simulated	16.51	0.79	cand	4.36	0.19	100.08	35955	20.0	2.75	54.11	339	339
339	46.5815	-25.4172	2.50	251.19	22.00	5.12	0.01	Simulated	12.47	0.98	cand	4.22	0.98	100.07	36056	20.0	2.00	42.40	340	340
340	53.5164	-25.8124	2.25	251.19	22.00	5.26	0.02	Simulated	32.07	1.04	cand	4.22	2.40	100.06	36131	20.0	2.00	35.91	341	341
341	51.5881	-29.5675	3.00	354.81	22.75	5.26	0.01	Simulated	57.81	1.31	cand	4.22	0.95	100.07	35930	20.0	2.75	36.01	342	342
342	49.0372	-20.3897	1.75	141.25	20.75	5.26	0.00	Simulated	60.40	0.81	cand	4.22	0.31	100.08	36260	20.0	0.75	35.32	343	343
343	48.8974	-29.8719	2.75	158.49	21.00	5.13	0.01	Simulated	77.06	1.72	cand	4.12	0.85	100.08	35942	20.0	1.00	40.01	344	344
344	48.2801	-24.8828	3.25	398.11	23.00	5.42	0.01	Simulated	20.12	1.20	cand	4.10	0.81	100.07	36054	20.0	3.00	38.55	345	345
345	51.0320	-28.5835	2.75	199.53	21.50	5.26	0.01	Simulated	15.86	1.31	cand	4.10	1.43	100.07	35953	20.0	1.50	36.01	346	346
346	48.4205	-26.4090	3.00	125.89	20.50	5.12	0.02	Simulated	28.33	1.10	cand	3.98	2.40	100.07	36049	20.0	0.50	41.23	347	347
347	53.0018	-29.6988	3.00	125.89	20.50	5.04	0.02	Simulated	65.56	0.75	cand	3.78	2.14	100.07	35929	20.0	0.50	57.80	348	348
348	45.8401	-27.8772	4.25	44.67	18.25	5.42	0.02	Simulated	30.37	0.99	cand	8.65	2.49	100.08	36036	20.0	-1.75	54.68	349	349
349	54.9057	-21.9125	4.00	56.23	18.75	6.66	0.00	Simulated	87.71	0.81	cand	7.18	0.65	100.09	36155	20.0	-1.25	39.62	350	350
350	47.6728	-20.4385	3.00	50.12	18.50	5.35	0.01	Simulated	57.15	1.08	cand	6.30	1.81	100.09	36259	20.0	-1.50	43.37	351	351
351	50.5115	-26.1520	4.00	44.67	18.25	5.12	0.03	Simulated	28.16	1.03	cand	6.19	3.53	100.09	35964	20.0	-1.75	37.07	352	352
352	46.3924	-25.9076	2.50	39.81	18.00	5.12	0.00	Simulated	37.51	0.98	cand	6.19	0.62	100.07	36056	20.0	-2.00	42.40	353	353
353	46.4834	-29.6210	3.00	63.10	19.00	5.26	0.01	Simulated	67.78	1.27	cand	6.19	1.71	100.06	35947	20.0	-1.00	40.82	354	354
354	45.0448	-20.9910	2.25	44.67	18.25	5.19	0.00	Simulated	79.79	1.08	cand	6.02	0.56	100.06	36092	20.0	-1.75	54.50	355	355
355	53.8892	-27.5384	2.25	63.10	19.00	5.35	0.00	Simulated	34.59	1.21	cand	5.81	0.53	100.08	36106	20.0	-1.00	36.27	356	356
356	52.3695	-29.0912	2.75	79.43	19.50	5.83	0.01	Simulated	33.59	0.75	cand	5.48	1.25	100.07	35931	20.0	-0.50	57.80	357	357
357	45.5732	-25.8612	3.00	79.43	19.50	5.58	0.01	Simulated	56.81	0.98	cand	5.48	1.87	100.07	36045	20.0	-0.50	42.40	358	358
358	49.9271	-29.9287	3.00	50.12	18.50	5.85	0.01	Simulated	77.86	1.33	cand	5.47	1.55	100.06	35941	20.0	-1.50	34.60	359	359
359	52.6574	-23.6136	2.25	50.12	18.50	5.42	0.00	Simulated	18.24	1.69	cand	5.19	0.58	100.07	36142	20.0	-1.50	30.37	360	360
360	50.8600	-20.2137	2.50	125.89	20.50	6.36	0.01	Simulated	71.33	0.72	cand	4.94	1.12	100.05	36239	20.0	0.50	31.28	361	361
361	48.9992	-24.7277	3.00	56.23	18.75	6.48	0.01	Simulated	27.08	1.20	cand	4.70	1.23	100.07	36054	20.0	-1.25	38.55	362	362
362	54.8330	-23.1968	3.75	70.79	19.25	5.01	0.02	Simulated	83.21	0.84	cand	4.62	2.31	100.07	36152	20.0	-0.75	40.53	363	363
363	54.5269	-24.2302	3.25	79.43	19.50	5.12	0.02	Simulated	61.62	0.97	cand	4.49	2.17	100.05	36135	20.0	-0.50	37.33	364	364
364	50.0888	-20.4083	3.25	158.49	21.00	5.59	0.01	Simulated	65.74	0.72	cand	4.32	1.55	100.05	36238	20.0	1.00	31.28	365	365
365	50.7481	-20.2917	2.75	316.23	22.50	5.25	0.01	Simulated	65.78	0.72	cand	4.04	1.36	100.05	36239	20.0	2.50	31.28	366	366
366	47.7967	-29.6660	2.00	223.87	21.75	5.32	0.00	Simulated	71.70	1.27	cand	3.93	0.46	100.06	35948	20.0	1.75	40.82	367	367
367	53.0290	-27.5069	2.75	125.89	20.50	5.16	0.01	Simulated	20.78	1.68	cand	3.81	0.95	100.08	35957	20.0	0.50	43.72	368	368
368	45.5665	-20.3438	2.75	398.11	23.00	5.04	0.01	Simulated	78.17	1.08	cand	3.68	1.41	100.06	36093	20.0	3.00	54.50	369	369
369	54.0276	-24.8983	2.25	398.11	23.00	5.26	0.00	Simulated	39.54	1.04	cand	3.30	0.57	100.06	36134	20.0	3.00	35.91	370	370
370	52.8448	-25.6407	1.75	39.81	18.00	6.35	0.00	Simulated	19.18	0.91	cand	8.46	0.25	100.08	36130	20.0	-2.00	41.71	371	371
371	45.6650	-27.0708	2.75	39.81	18.00	7.08	0.01	Simulated	48.29	0.80	cand	7.23	1.40	100.06	36038	20.0	-2.00	37.08	372	372
372	50.1408	-20.4966	3.00	39.81	18.00	6.14	0.01	Simulated	59.69	0.72	cand	6.38	1.73	100.05	36238	20.0	-2.00	31.28	373	373
373	48.4067	-21.2195	4.00	39.81	18.00	5.68	0.02	Simulated	34.63	1.08	cand	5.24	2.67	100.09	36257	20.0	-2.00	43.37	374	374
374	45.9136	-21.1393	3.75	50.12	18.50	7.31	0.02	Simulated	31.18	1.08	cand	5.24	2.44	100.06	36093	20.0	-1.50	54.50	375	375
375	52.5540	-26.3662	2.50	79.43	19.50	5.58	0.00	Simulated	27.10	0.91	cand	5.24	0.31	100.08	36130	20.0	-0.50	41.71	376	376
376	52.3420	-20.9969	2.75	39.81	18.00	6.13	0.01	Simulated	28.93	1.23	cand	5.24	1.53	100.07	36242	20.0	-2.00	33.99	377	377
377	54.9099	-21.8958	2.00	79.43	19.50	5.45	0.00	Simulated	87.58	0.81	cand	5.24	0.38	100.09	36155	20.0	-0.50	39.62	378	378
378	50.5597	-20.0895	3.00	44.67	18.25	5.08	0.02	Simulated	77.63	0.72	cand	4.93	1.94	100.05	36239	20.0	-1.75	31.28	379	379
379	54.8360	-22.5843	3.25	63.10	19.00	5.80	0.00	Simulated	77.65	0.84	cand	4.84	0.44	100.07	36152	20.0	-1.00	40.53	380	380
380	48.7566	-28.1605	2.50	63.10	19.00	5.16	0.01	Simulated	27.43	1.02	cand	4.84	0.80	100.08	35960	20.0	-1.00	39.16	381	381
381	50.0907	-29.2747	2.75	56.23	18.75	5.75	0.01	Simulated	39.62	1.33	cand	4.84	1.25	100.06	35952	20.0	-1.25	34.60	382	382
382	47.4635	-21.8929	3.25	44.67	18.25	5.68	0.02	Simulated	21.23	1.11	cand	4.84	2.60	100.08	36085	20.0	-1.75	35.82	383	383
383	52.4503	-29.5538	3.00	56.23	18.75	5.75	0.02	Simulated	57.32	0.75	cand	4.84	2.05	100.07	35931	20.0	-1.25	57.80	384	384
384	45.5864	-20.5274	1.50	70.79	19.25	6.14	0.00	Simulated	68.92	1.08	cand	4.84	0.24	100.06	36093	20.0	-0.75	54.50	385	385
385	49.0668	-26.7199	0.50	79.43	19.50	5.42	0.00	Simulated	10.48	1.65	cand	4.84	0.12	100.09	35963	20.0	-0.50	34.14	386	386
386	45.9689	-20.9773	3.75	39.81	18.00	5.26	0.01	Simulated	34.49	1.08	cand	4.84	1.98	100.06	36093	20.0	-2.00	54.50	387	387
387	45.4511	-21.9258	3.50	44.67	18.25	5.39	0.00	Simulated	62.38	1.08	cand	4.82	0.49	100.06	36086	20.0	-1.75	54.50	388	388
388	54.3905	-24.8986	2.75	63.10	19.00	5.26	0.01	Simulated	56.75	1.04	cand	4.49	1.77	100.06	36134	20.0	-1.00	35.91	389	389
389	52.5121	-26.3745	3.00	63.10	19.00	5.12	0.00	Simulated	28.43	0.91	cand	4.49	0.38	100.08	36130	20.0	-1.00	41.71	390	390
390	50.3822	-28.3252	3.25	70.79	19.25	5.26	0.01	Simulated	25.74	0.79	cand	4.49	1.60	100.08	35955	20.0	-0.75	54.11	391	391
391	51.3774	-21.0806	0.25	50.12	18.50	5.42	0.01	Simulated	40.82	1.23	cand	4.49	1.92	100.07	36237	20.0	-1.50	33.99	392	392
392	46.8907	-22.4584	4.75	39.81	18.00	5.26	0.01	Simulated	28.73	1.11	cand	4.49	0.99	100.08	36085	20.0	-2.00	35.82	393	393
393	50.1122	-23.5294	3.50	44.67	18.25	5.42	0.02	Simulated	16.45	0.93	cand	4.20	2.90	100.05	36226	20.0	-1.75	31.80	394	394
394	49.7384	-20.9024	3.25	44.67	18.25	5.12	0.01	Simulated	40.94	0.81	cand	4.20	1.68	100.08	36238	20.0	-1.75	35.32	395	395
395	46.6500	-23.4615	3.00	56.23	18.75	7.31	0.01	Simulated	26.71	0.76	cand	4.20	1.18	100.06	36062	20.0	-1.25	41.73	396	396
396	49.4530	-21.5728	3.00	56.23	18.75	5.58	0.02	Simulated	17.37	0.81	cand	4.20	2.11	100.08	36235	20.0	-1.25	35.32	397	397
397	54.5414	-23.1091	2.25	63.10	19.00	5.16	0.01	Simulated	66.38	0.84	cand	4.20	0.71	100.07	36141	20.0	-1.00	40.53	398	398
398	48.9717	-29.6919	4.75	63.10	19.00	5.54	0.01	Simulated	67.95	1.72	cand	4.10	1.04	100.08	35943	20.0	-1.00	40.01	399	399
399	45.6174	-29.5370	2.00	79.43	19.50	5.16	0.00	Simulated	94.98	1.27	cand	3.95	0.51	100.06	35946	20.0	-0.50	40.82	400	400
400	46.3369	-27.7072	2.50	56.23	18.75	5.42	0.01	Simulated	15.21	0.99	cand	3.95	0.77	100.08	36036	20.0	-1.25	54.68	401	401
401	45.9749	-29.6538	2.75	56.23	18.75	5.42	0.01	Simulated	85.24	1.27	cand	3.91	1.16	100.06	35946	20.0	-1.25	40.82	402	402
402	53.8241	-24.3250	3.50	79.43	19.50	6.21	0.01	Simulated	30.03	0.97	cand	3.72	1.59	100.05	36134	20.0	-0.50	37.33	403	403
403	46.2653	-22.3173	3.25	56.23	18.75	5.98	0.02	Simulated	22.54	1.66	cand	3.72	2.06	100.07	36084	20.0	-1.25	51.02	404	404
404	54.4782	-24.6350	3.50	63.10	19.00	5.75	0.01	Simulated	68.79	1.04	cand	3.72	1.38	100.06	36134	20.0	-1.00	35.91	405	405
405	48.1499	-23.6707	5.00	44.67	18.25	5.18	0.01	Simulated	25.79	1.73	cand	3.52	1.13	100.05	36060	20.0	-1.75	34.08	406	406
406	54.8957	-22.3835	1.50	70.79	19.25	5.29	0.00	Simulated	82.70	0.84	cand	3.38	0.23	100.07	36152	20.0	-0.75	40.53	407	407
407	49.4884	-27.0812	3.75	50.12	18.50	6.64	0.03	Simulated	26.04	1.13	cand	3.18	4.05	100.08	35961	20.0	-1.50	33.38	408	408
408	52.4262	-22.1845	3.00	39.81	18.00	5.16	0.01	Simulated	19.64	1.24	cand	9.97	1.30	100.07	36229	20.0	-2.00	41.03	409	409
409	54.7534	-29.7398	2.75	79.43	19.50	7.09	0.01	Simulated	124.46	0.75	cand	6.63	1.52	100.07	35927	20.0	-0.50	57.80	410	410
410	45.0842	-22.1040	3.25	56.23	18.75	5.55	0.01	Simulated	80.95	1.66	cand	5.01	2.00	100.07	36083	20.0	-1.25	51.02	411	411
411	45.8799	-23.6598	3.50	39.81	18.00	5.58	0.00	Simulated	34.38	0.74	cand	4.69	0.51	100.06	36081	20.0	-2.00	56.29	412	412
412	51.3119	-22.5177	2.50	39.81	18.00	6.35	0.01	Simulated	29.62	1.28	cand	4.69	0.95	100.09	36230	20.0	-2.00	33.46	413	413
413	51.9786	-20.2877	2.25	79.43	19.50	5.20	0.01	Simulated	65.72	1.23	cand	3.77	0.64	100.07	36248	20.0	-0.50	33.99	414	414
414	52.4386	-24.7638	3.00	44.67	18.25	5.06	0.01	Simulated	18.16	0.76	cand	3.67	1.75	100.09	36137	20.0	-1.75	32.81	415	415
415	54.4196	-23.7773	2.00	50.12	18.50	5.12	0.00	Simulated	55.15	0.97	cand	3.67	0.51	100.05	36135	20.0	-1.50	37.33	416	416
416	46.8696	-29.1607	2.50	39.81	18.00	5.26	0.01	Simulated	34.17	1.27	cand	3.67	0.73	100.06	35947	20.0	-2.00	40.82	417	417
417	49.0074	-24.6401	2.00	50.12	18.50	5.26	0.00	Simulated	26.84	1.20	cand	3.67	0.37	100.07	36054	20.0	-1.50	38.55	418	418
418	52.3593	-25.8911	2.75	63.10	19.00	6.14	0.01	Simulated	20.50	0.91	cand	3.67	0.82	100.08	36130	20.0	-1.00	41.71	419	419
419	54.9398	-29.9076	4.00	50.12	18.50	5.56	0.02	Simulated	137.93	0.75	cand	3.55	2.31	100.07	35925	20.0	-1.50	57.80	420	420
420	53.4180	-23.1278	2.25	39.81	18.00	6.14	0.00	Simulated	27.51	0.84	cand	3.32	0.49	100.07	36143	20.0	-2.00	40.53	421	421
421	47.4629	-24.0596	3.00	44.67	18.25	5.94	0.02	Simulated	19.90	1.73	cand	3.04	1.95	100.05	36060	20.0	-1.75	34.08	422	422
422	52.3387	-27.3369	3.25	44.67	18.25	5.12	0.01	Simulated	21.37	1.68	cand	3.04	1.62	100.08	35957	20.0	-1.75	43.72	423	423
423	48.0284	-25.1067	4.00	39.81	18.00	5.98	0.02	Simulated	15.78	1.49	cand	3.04	2.19	100.05	36051	20.0	-2.00	52.11	424	424
424	52.0383	-25.0694	3.25	50.12	18.50	5.98	0.01	Simulated	12.80	0.81	cand	3.04	2.07	100.05	36136	20.0	-1.50	32.87	425	425
425	47.3894	-24.5971	3.00	50.12	18.50	6.48	0.01	Simulated	15.36	1.42	cand	3.04	1.56	100.09	36057	20.0	-1.50	41.22	426	426
426	49.2397	-20.6043	2.75	56.23	18.75	5.58	0.01	Simulated	46.67	0.81	cand	3.04	1.40	100.08	36260	20.0	-1.25	35.32	427	427
427	49.2737	-29.6801	0.25	44.67	18.25	5.72	0.01	Simulated	71.44	1.33	cand	3.02	0.82	100.06	35943	20.0	-1.75	34.60	428	428
428	54.3013	-20.2661	4.00	56.23	18.75	5.28	0.01	Simulated	82.74	0.81	cand	2.93	0.90	100.09	36241	20.0	-1.25	39.62	429	429
429	53.6941	-20.9801	2.75	44.67	18.25	5.12	0.01	Simulated	28.07	0.81	cand	2.80	1.14	100.09	36240	20.0	-1.75	39.62	430	430
430	51.0730	-22.0574	3.00	56.23	18.75	6.30	0.02	Simulated	14.32	1.28	cand	2.80	2.00	100.09	36230	20.0	-1.25	33.46	431	431
431	51.3106	-25.6361	3.00	56.23	18.75	6.13	0.01	Simulated	18.53	0.78	cand	2.80	1.79	100.09	35965	20.0	-1.25	36.26	432	432
432	51.2362	-24.3380	3.00	79.43	19.50	5.12	0.01	Simulated	17.90	0.87	cand	2.59	1.37	100.06	36138	20.0	-0.50	57.67	433	433
433	47.2019	-20.2341	2.75	56.23	18.75	5.36	0.01	Simulated	76.97	1.08	cand	2.47	0.84	100.09	36258	20.0	-1.25	43.37	434	434
434	49.2099	-21.8547	4.00	44.67	18.25	6.35	0.00	Simulated	28.37	0.81	cand	2.41	0.69	100.08	36235	20.0	-1.75	35.32	435	435
435	47.1171	-29.3282	2.75	70.79	19.25	5.26	0.01	Simulated	41.84	1.27	cand	2.25	1.47	100.06	35945	20.0	-0.75	40.82	436	436
436	46.9980	-22.7254	1.75	56.23	18.75	5.06	0.00	Simulated	32.92	1.66	cand	2.25	0.25	100.07	36084	20.0	-1.25	51.02	437	437
437	46.6405	-24.9032	3.50	50.12	18.50	5.55	0.02	Simulated	26.09	0.98	cand	2.25	2.63	100.07	36056	20.0	-1.50	42.40	438	438
438	51.5453	-22.6817	2.25	56.23	18.75	5.06	0.00	Simulated	26.91	1.62	cand	2.11	0.27	100.06	36228	20.0	-1.25	57.42	439	439
439	47.0484	-23.8423	2.00	63.10	19.00	6.13	0.00	Simulated	31.63	0.76	cand	1.98	0.48	100.06	36062	20.0	-1.00	41.73	440	440
440	46.4373	-23.3727	3.25	63.10	19.00	5.42	0.01	Simulated	35.85	0.74	cand	1.86	0.99	100.06	36059	20.0	-1.00	56.29	441	441
441	53.4384	-22.1401	1.25	63.10	19.00	5.42	0.00	Simulated	31.77	0.84	cand	1.86	0.21	100.07	36143	20.0	-1.00	40.53	442	442
442	53.4266	-26.1589	3.25	39.81	18.00	5.57	0.01	Simulated	27.08	1.63	cand	2.59	1.56	100.07	36128	20.0	-2.00	54.59	443	443
443	47.4107	-26.8453	2.75	44.67	18.25	5.75	0.01	Simulated	25.73	0.76	cand	1.83	1.57	100.07	36048	20.0	-1.75	39.62	444	444
444	48.9960	-25.5831	3.00	44.67	18.25	5.26	0.02	Simulated	21.69	0.83	cand	1.40	2.10	100.07	36052	20.0	-1.75	38.11	445	445
445	47.6129	-23.4012	3.50	39.81	18.00	5.83	0.02	Simulated	28.17	0.76	cand	1.40	2.30	100.06	36062	20.0	-2.00	41.73	446	446
446	52.8244	-21.1675	3.00	50.12	18.50	5.58	0.01	Simulated	36.64	0.81	cand	1.40	1.35	100.09	36242	20.0	-1.50	39.62	447	447
447	48.4938	-21.5315	0.75	39.81	18.00	5.80	0.00	Simulated	29.59	0.82	cand	1.24	0.20	100.09	36234	20.0	-2.00	38.65	448	448
448	49.0531	-29.0451	3.00	79.43	19.50	5.26	0.02	Simulated	37.58	1.72	cand	1.24	2.14	100.08	35943	20.0	-0.50	40.01	449	449
449	53.1991	-27.6603	3.00	79.43	19.50	5.12	0.01	Simulated	21.66	1.21	cand	1.24	1.64	100.08	35935	20.0	-0.50	36.27	450	450
450	48.3923	-23.1779	2.75	44.67	18.25	5.42	0.01	Simulated	10.81	1.35	cand	1.24	1.29	100.08	36061	20.0	-1.75	34.37	451	451
451	47.7013	-24.8012	2.00	70.79	19.25	5.12	0.00	Simulated	29.51	1.49	cand	1.24	0.41	100.05	36051	20.0	-0.75	52.11	452	452
452	46.9823	-20.8462	2.25	44.67	18.25	5.94	0.01	Simulated	45.57	1.08	cand	1.10	0.71	100.06	36258	20.0	-1.75	54.50	453	453
453	49.7049	-21.3404	2.00	39.81	18.00	5.26	0.00	Simulated	27.28	0.81	cand	0.88	0.24	100.08	36235	20.0	-2.00	35.32	454	454
454	52.5407	-28.0870	0.75	79.43	19.50	5.68	0.00	Simulated	28.14	1.26	cand	0.88	0.20	100.07	35956	20.0	-0.50	35.80	455	455
455	52.6235	-21.3428	1.50	44.67	18.25	6.48	0.01	Simulated	33.18	1.23	cand	0.79	1.09	100.07	36231	20.0	-1.75	33.99	456	456
456	47.7533	-25.4992	3.25	56.23	18.75	5.98	0.01	Simulated	13.39	1.49	cand	0.70	1.31	100.05	36051	20.0	-1.25	52.11	457	457
457	45.9359	-23.1520	3.25	79.43	19.50	5.12	0.02	Simulated	38.87	1.66	cand	0.62	2.34	100.07	36081	20.0	-0.50	51.02	458	458
458	52.6168	-24.0720	4.25	79.43	19.50	5.83	0.00	Simulated	32.67	0.82	cand	0.48	0.80	100.08	36139	20.0	-0.50	41.03	459	459
459	52.5838	-22.4345	4.25	63.10	19.00	5.06	0.01	Simulated	25.99	1.24	cand	0.36	1.89	100.07	36229	20.0	-1.00	41.03	460	460
460	45.8713	-20.5138	2.25	44.67	18.25	5.42	0.01	Simulated	60.14	1.08	cand	-0.44	0.61	100.06	36093	20.0	-1.75	54.50	461	461
461	51.6023	-20.8195	3.00	56.23	18.75	5.42	0.02	Simulated	41.44	1.23	cand	-0.44	2.37	100.07	36237	20.0	-1.25	33.99	462	462
462	51.4750	-22.4230	3.25	50.12	18.50	6.30	0.01	Simulated	25.27	1.28	cand	-0.56	1.25	100.09	36230	20.0	-1.50	33.46	463	463
463	46.6271	-26.7135	1.50	39.81	18.00	5.42	0.00	Simulated	13.37	0.80	cand	-0.59	0.22	100.06	36039	20.0	-2.00	37.08	464	464
464	51.1685	-21.9457	3.25	39.81	18.00	7.54	0.01	Simulated	10.06	1.28	cand	-0.68	1.87	100.09	36230	20.0	-2.00	33.46	465	465
465	51.8967	-23.8959	2.00	50.12	18.50	5.12	0.00	Simulated	8.60	0.82	conf	-0.71	0.56	100.08	36139	20.0	-1.50	41.03	466	466
